68993
62742
61919
62711
63102
62852
65256
71769
62441
62160
517159
520525
517149
517780
503653
508312
504414
509484
506709
508833
4.10953e+06
4.17179e+06
4.92489e+06
4.40544e+06
4.13596e+06
4.19469e+06
4.11514e+06
4.18794e+06
4.12862e+06
4.13219e+06
3.31523e+07
3.3167e+07
3.3575e+07
3.2862e+07
3.41903e+07
3.35126e+07
3.35162e+07
3.35736e+07
3.35082e+07
3.34972e+07
2.46259e+08
1.72308e+08
1.72595e+08
1.73682e+08
1.72442e+08
1.74234e+08
1.81199e+08
1.77023e+08
1.78654e+08
1.77709e+08
1.42577e+09
1.42731e+09
1.43072e+09
1.42402e+09
1.45117e+09
1.49629e+09
1.47458e+09
1.46702e+09
1.48304e+09
1.51847e+09
1.15797e+10
1.11856e+10
1.11663e+10
1.11518e+10
1.11324e+10
1.1123e+10
1.11493e+10
1.11166e+10
1.11147e+10
1.111e+10
