521
321
320
340
300
300
291
291
341
311
1844
1813
1773
1803
1843
1763
1783
1793
1703
1863
13414
11861
11981
11991
11821
11872
11711
11951
11901
11822
90131
88418
88098
88649
90723
90983
90833
121688
91955
91835
756696
751547
776653
1.13388e+06
1.41717e+06
686791
689636
715823
776793
786320
5.97276e+06
6.25249e+06
6.41976e+06
5.54057e+06
5.73906e+06
6.46955e+06
5.5957e+06
5.50158e+06
5.83663e+06
5.58502e+06
4.66257e+07
5.03092e+07
4.66332e+07
4.67007e+07
4.63736e+07
4.60243e+07
4.62293e+07
4.64118e+07
4.60003e+07
4.62786e+07
3.94032e+08
3.88346e+08
3.87887e+08
3.91164e+08
3.92955e+08
3.87753e+08
3.86505e+08
3.90281e+08
3.84277e+08
3.87734e+08
4.32e+09
4.32676e+09
4.32066e+09
4.41656e+09
4.33003e+09
4.3372e+09
4.33907e+09
4.33015e+09
4.34757e+09
4.3374e+09
3.76587e+10
3.64928e+10
3.12946e+10
3.14399e+10
3.12022e+10
3.11492e+10
3.11277e+10
3.11838e+10
3.11985e+10
3.35426e+10
