1631
874
760
673
688
693
721
688
708
732
5267
4676
4701
4442
4572
4386
4431
4481
4453
4405
35769
35135
34472
34680
34385
34964
34591
33994
35731
34552
289969
269265
269997
308752
331348
270352
282341
269784
270027
269550
2.16496e+06
2.0767e+06
2.13981e+06
1.96626e+06
1.87733e+06
1.77429e+06
1.59648e+06
1.35379e+06
1.57172e+06
1.53583e+06
7.08035e+06
6.95541e+06
6.63359e+06
7.68172e+06
7.34245e+06
1.22421e+07
1.49831e+07
1.68058e+07
1.67134e+07
9.65516e+06
5.38148e+07
7.05445e+07
5.70766e+07
5.57106e+07
5.59058e+07
5.9527e+07
5.66797e+07
6.41595e+07
5.32756e+07
6.92547e+07
5.53854e+08
4.86219e+08
5.63893e+08
5.47972e+08
5.95296e+08
5.39567e+08
4.94688e+08
5.45477e+08
5.55842e+08
4.72604e+08
4.14819e+09
4.33181e+09
3.99699e+09
4.12984e+09
4.1841e+09
4.13517e+09
4.32215e+09
4.42649e+09
4.20126e+09
4.24581e+09
3.45154e+10
3.45706e+10
3.36943e+10
3.43504e+10
3.68213e+10
3.70377e+10
3.55263e+10
3.5737e+10
3.69502e+10
3.60094e+10
