66393
61665
60332
60091
60943
60162
60522
59961
59410
66613
491812
409058
329061
325634
324061
328770
329852
325143
328479
327407
2.78515e+06
2.70251e+06
2.73245e+06
2.69208e+06
3.17863e+06
2.66236e+06
2.66044e+06
2.71551e+06
3.98515e+06
2.76641e+06
2.21504e+07
2.25187e+07
2.28005e+07
2.21869e+07
2.22258e+07
2.23433e+07
2.23341e+07
2.24301e+07
2.24607e+07
2.29755e+07
1.86645e+08
1.83833e+08
1.81324e+08
1.80791e+08
1.82464e+08
1.80715e+08
1.83338e+08
1.91204e+08
1.91744e+08
1.82423e+08
1.45132e+09
1.44134e+09
1.43753e+09
1.41569e+09
1.41938e+09
1.42015e+09
1.421e+09
1.4219e+09
1.41958e+09
1.42003e+09
1.13902e+10
1.1388e+10
1.14034e+10
1.14566e+10
1.13885e+10
1.1677e+10
1.14277e+10
1.14343e+10
1.14119e+10
1.14338e+10
9.23752e+10
9.31081e+10
9.17242e+10
9.343e+10
9.25508e+10
9.22722e+10
9.28831e+10
9.48376e+10
9.40982e+10
9.51412e+10
