17428
569
393
333
334
280
275
291
276
272
1737
1582
1562
1561
1577
1522
1509
1526
1532
1518
11939
10733
10668
10614
10835
10787
18973
12155
11397
10657
93064
94798
89181
86573
96321
99885
132954
90252
89938
84156
645914
630209
654186
796394
734093
818134
1.03724e+06
989009
715708
692479
7.95919e+06
5.2063e+06
5.80651e+06
4.89446e+06
5.66244e+06
6.11933e+06
4.92104e+06
6.40896e+06
5.21782e+06
4.91266e+06
4.39628e+07
4.62374e+07
3.86884e+07
4.23764e+07
4.28821e+07
4.08759e+07
3.55314e+07
3.73622e+07
3.6306e+07
3.50118e+07
3.20423e+08
3.02224e+08
3.13645e+08
3.04859e+08
2.90562e+08
2.93128e+08
3.07766e+08
3.09554e+08
3.05572e+08
3.19983e+08
2.68412e+09
2.65563e+09
2.47533e+09
2.60065e+09
2.67935e+09
2.77116e+09
2.51776e+09
2.58509e+09
2.76014e+09
2.67872e+09
2.22557e+10
1.95276e+10
2.00852e+10
1.95868e+10
1.96797e+10
1.97434e+10
1.9621e+10
1.98009e+10
1.97989e+10
2.00458e+10
