108088
101016
100133
100464
99142
108399
99723
98841
99612
100194
729388
717826
729568
715261
742421
733796
739767
734477
721965
710883
5.09089e+06
5.04436e+06
5.03696e+06
6.13907e+06
5.07123e+06
5.09208e+06
5.14036e+06
5.11571e+06
5.06077e+06
5.11052e+06
3.65945e+07
3.62065e+07
3.65481e+07
3.60858e+07
3.63565e+07
3.62971e+07
3.6296e+07
3.62899e+07
3.63276e+07
3.63536e+07
2.27576e+08
1.67426e+08
1.68564e+08
1.69949e+08
1.68521e+08
1.68154e+08
1.68197e+08
1.68156e+08
1.68154e+08
1.69752e+08
1.17939e+09
1.18049e+09
1.18922e+09
1.17891e+09
1.1795e+09
1.18019e+09
1.18002e+09
1.17871e+09
1.17937e+09
1.18734e+09
8.24593e+09
8.45133e+09
8.79858e+09
8.66341e+09
8.67933e+09
8.56179e+09
8.63529e+09
8.79023e+09
8.79097e+09
8.23496e+09
