551
380
320
320
280
310
300
311
1773
341
1994
1894
1813
4547
1773
1824
1803
1763
1783
1833
15306
17240
13363
12611
12562
12622
12661
12411
12592
12582
96036
96036
100293
92700
94794
92950
92941
92980
94934
93101
729029
708383
707892
721776
815549
893233
1.1542e+06
933502
762247
829472
6.51496e+06
6.08217e+06
6.46403e+06
6.51068e+06
6.52308e+06
6.13859e+06
6.60272e+06
6.50392e+06
6.62952e+06
6.11435e+06
5.07442e+07
5.1216e+07
5.05003e+07
4.97221e+07
4.8994e+07
4.86888e+07
5.24821e+07
5.26004e+07
5.17666e+07
5.19443e+07
4.17309e+08
4.14387e+08
4.02626e+08
4.07178e+08
4.02581e+08
4.00322e+08
3.81574e+08
3.80228e+08
3.89004e+08
4.00883e+08
