474094
1883
1733
1673
1532
1372
1403
1323
1212
1433
2886
2224
2815
2605
2605
2294
2855
2254
2745
2364
4679
5590
4579
5731
4559
5930
4188
6101
4338
5189
20076
20246
17842
19315
17972
19755
17712
19706
17902
19976
240112
80715
80365
99229
82349
80946
80846
81687
80575
79963
654598
626748
817311
667792
640664
1.14099e+06
955981
674093
666109
831196
8.83619e+06
9.12671e+06
8.46694e+06
6.72171e+06
1.13783e+07
5.95773e+06
7.58874e+06
6.81823e+06
7.06268e+06
7.42091e+06
5.81986e+07
5.78247e+07
5.75486e+07
5.81927e+07
5.882e+07
5.89054e+07
5.90585e+07
5.89225e+07
5.90409e+07
5.97219e+07
5.07536e+08
5.02891e+08
4.99801e+08
5.09405e+08
5.02802e+08
5.11749e+08
5.0616e+08
5.04936e+08
5.02546e+08
5.09519e+08
4.27371e+09
4.29904e+09
4.42498e+09
4.38088e+09
4.39972e+09
4.36339e+09
4.37955e+09
4.45446e+09
4.42885e+09
4.43571e+09
